0 : 0 [4]: 1 2 3 4 
1 : 1 [2]: 2 4 
2 : 2 [2]: 3 4 
3 : 3 [1]: 4 
4 : 4 [0]: 


k = 2, sg[0]= 0
0 1 2 3 4 
1 2 3 4 
1 2 3 4 
0 -1 


k = 2, sg[1]= 1
0 1 2 3 4 
2 4 
2 4 
1 -1 


k = 2, sg[2]= 2
0 1 2 3 4 
3 4 
3 4 
2 -1 


k = 2, sg[3]= 3
0 1 2 3 4 
4 
4 
3 -1 


k = 2, sg[4]= 4
0 1 2 3 4 


4 -1 


k = 3, sg[0]= 0
0 1 2 3 4 
1 2 3 4 
1 2 3 4 
0 -1 -1 


k = 2, sg[0]= 1
1 2 3 4 
2 4 
2 4 
0 1 -1 


k = 2, sg[1]= 2
1 2 3 4 
3 4 
3 4 
0 2 -1 


k = 2, sg[2]= 3
1 2 3 4 
4 
4 
0 3 -1 


k = 2, sg[3]= 4
1 2 3 4 


0 4 -1 


k = 3, sg[1]= 1
0 1 2 3 4 
2 4 
2 4 
1 4 -1 


k = 2, sg[0]= 2
2 4 
3 4 
4 
1 2 -1 


k = 2, sg[1]= 4
2 4 


1 4 -1 


k = 3, sg[2]= 2
0 1 2 3 4 
3 4 
3 4 
2 4 -1 


k = 2, sg[0]= 3
3 4 
4 
4 
2 3 -1 


k = 2, sg[1]= 4
3 4 


2 4 -1 


k = 3, sg[3]= 3
0 1 2 3 4 
4 
4 
3 4 -1 


k = 2, sg[0]= 4
4 


3 4 -1 


k = 3, sg[4]= 4
0 1 2 3 4 


4 4 -1 


k = 4, sg[0]= 0
0 1 2 3 4 
1 2 3 4 
1 2 3 4 
0 -1 -1 -1 


k = 3, sg[0]= 1
1 2 3 4 
2 4 
2 4 
0 1 -1 -1 


k = 2, sg[0]= 2
2 4 
3 4 
4 
0 1 2 -1 


k = 2, sg[1]= 4
2 4 


0 1 4 -1 


k = 3, sg[1]= 2
1 2 3 4 
3 4 
3 4 
0 2 4 -1 


k = 2, sg[0]= 3
3 4 
4 
4 
0 2 3 -1 


k = 2, sg[1]= 4
3 4 


0 2 4 -1 


k = 3, sg[2]= 3
1 2 3 4 
4 
4 
0 3 4 -1 


k = 2, sg[0]= 4
4 


0 3 4 -1 


k = 3, sg[3]= 4
1 2 3 4 


0 4 4 -1 


k = 4, sg[1]= 1
0 1 2 3 4 
2 4 
2 4 
1 4 4 -1 


k = 3, sg[0]= 2
2 4 
3 4 
4 
1 2 4 -1 


k = 2, sg[0]= 4
4 


1 2 4 -1 


k = 3, sg[1]= 4
2 4 


1 4 4 -1 


k = 4, sg[2]= 2
0 1 2 3 4 
3 4 
3 4 
2 4 4 -1 


k = 3, sg[0]= 3
3 4 
4 
4 
2 3 4 -1 


k = 2, sg[0]= 4
4 


2 3 4 -1 


k = 3, sg[1]= 4
3 4 


2 4 4 -1 


k = 4, sg[3]= 3
0 1 2 3 4 
4 
4 
3 4 4 -1 


k = 3, sg[0]= 4
4 


3 4 4 -1 


k = 4, sg[4]= 4
0 1 2 3 4 


4 4 4 -1 
